   8.0880917e-01
   3.1381904e+00
   3.4421490e+00
   1.3083408e+00
   9.9544190e-01
   3.2414549e+00
   2.8537392e+00
   2.6453137e+00
   2.8419650e+00
   4.5160350e-01
   3.4798880e+00
   1.9057113e+00
   3.2108352e-01
   5.9508185e-01
   1.2960970e+00
   2.7029539e-02
   2.8675203e+00
   2.6030689e-01
   1.6953830e+00
   3.2195184e+00
   1.1798449e-01
   2.1030732e+00
   3.1493441e+00
   3.2475034e+00
   1.3658297e+00
   1.5986934e+00
   3.4493268e+00
   8.5425227e-03
   6.7585068e-01
   1.5345147e+00
   2.3998049e+00
   5.2187583e-01
   1.3868138e-01
   2.8076295e+00
   2.1267568e+00
   2.9937503e+00
   6.0825958e-01
   2.7257011e-01
   1.9525441e+00
   2.1377665e+00
