   1.0073261e+01
   1.5289011e+01
   1.9023864e+01
   9.3499676e+00
   1.0105849e+01
   1.4950901e+01
   1.2890953e+01
   1.1362217e+01
   1.3414665e+01
   7.3284401e+00
   1.7327588e+01
   1.0604819e+01
   5.4250626e+00
   7.9049958e+00
   8.9717206e+00
   1.6097071e+00
   1.4140329e+01
   3.9944650e+00
   1.2292687e+01
   1.3296842e+01
   2.7942758e+00
   1.3165072e+01
   1.6567816e+01
   1.6648354e+01
   1.0988057e+01
   1.0889961e+01
   1.8209443e+01
   2.2775920e+00
   9.1419999e+00
   1.1422151e+01
   1.1915797e+01
   7.1733038e+00
   3.1359945e+00
   1.4299533e+01
   9.8042369e+00
   1.4940644e+01
   7.2362913e+00
   5.4156210e+00
   1.1138174e+01
   1.3405720e+01
